0 0 0.05 -4 0 0
0 0 0.1 -4 0 0
0 0 0.15 -4 0 0
0 0 0.2 -4 0 0
0 0 0.25 -4 0 0
0 0 0.3 -4 0 0
0 0 0.35 -4 0 0
0 0 0.4 -4 0 0
0 0 0.45 -4 0 0
0 0 0.5 -4 0 0
0 0 0.55 -4 0 0
0 0 0.6 -4 0 0
0 0 0.65 -4 0 0
0 0 0.7 -4 0 0
0 0 0.75 -4 0 0
0 0 0.8 -4 0 0
0 0 0.85 -4 0 0
0 0 0.9 -4 0 0
0 0 0.95 -4 0 0
0 0 1 -4 0 0
0 0 1.05 -4 0 0
0 0 1.1 -4 0 0
0 0 1.15 -4 0 0
0 0 1.2 -4 0 0
0 0 1.25 -4 0 0
0 0 1.3 -4 0 0
0 0 1.35 -4 0 0
0 0 1.4 -4 0 0
0 0 1.45 -4 0 0
0 0 1.5 -4 0 0
0 0 1.55 -4 0 0
0 0 1.6 -4 0 0
0 0 1.65 -4 0 0
0 0 1.7 -4 0 0
0 0 1.75 -4 0 0
0 0 1.8 -4 0 0
0 0 1.85 -4 0 0
0 0 1.9 -4 0 0
0 0 1.95 -4 0 0
0 0 2 -4 0 0
0 0 2.05 -4 0 0
0 0 2.1 -4 0 0
0 0 2.15 -4 0 0
0 0 2.2 -4 0 0
0 0 2.25 -4 0 0
0 0 2.3 -4 0 0
0 0 2.35 -4 0 0
0 0 2.4 -4 0 0
0 0 2.45 -4 0 0
0 0 2.5 -4 0 0
0 0 2.55 -4 0 0
0 0 2.6 -4 0 0
0 0 2.65 -4 0 0
0 0 2.7 -4 0 0
0 0 2.75 -4 0 0
0 0 2.8 -4 0 0
0 0 2.85 -4 0 0
0 0 2.9 -4 0 0
0 0 2.95 -4 0 0
0 0 3 -4 0 0
0 0 3.05 -4 0 0
0 0 3.1 -4 0 0
0 0 3.15 -4 0 0
0 0 3.2 -4 0 0
0 0 3.25 -4 0 0
0 0 3.3 -4 0 0
0 0 3.35 -4 0 0
0 0 3.4 -4 0 0
0 0 3.45 -4 0 0
0 0 3.5 -4 0 0
0 0 3.55 -4 0 0
0 0 3.6 -4 0 0
0 0 3.65 -4 0 0
0 0 3.7 -4 0 0
0 0 3.75 -4 0 0
0 0 3.8 -4 0 0
0 0 3.85 -4 0 0
0 0 3.9 -4 0 0
0 0 3.95 -4 0 0
0 0 4 -4 0 0
0 0 4.05 -4 0 0
0 0 4.1 -4 0 0
0 0 4.15 -4 0 0
0 0 4.2 -4 0 0
0 0 4.25 -4 0 0
0 0 4.3 -4 0 0
0 0 4.35 -4 0 0
0 0 4.4 -4 0 0
0 0 4.45 -4 0 0
0 0 4.5 -4 0 0
0 0 4.55 -4 0 0
0 0 4.6 -4 0 0
0 0 4.65 -4 0 0
0 0 4.7 -4 0 0
0 0 4.75 -4 0 0
0 0 4.8 -4 0 0
0 0 4.85 -4 0 0
0 0 4.9 -4 0 0
0 0 4.95 -4 0 0
0 0 5 -4 0 0
0 0 5.05 -4 0 0
0 1 0.05 -3.99844 0 -0.00372966
0 1 0.1 -3.99384 0 -0.0147925
0 1 0.15 -3.9864 0 -0.0327807
0 1 0.2 -3.97643 0 -0.0570314
0 1 0.25 -3.96438 0 -0.0866527
0 1 0.3 -3.95075 0 -0.120558
0 1 0.35 -3.93613 0 -0.157506
0 1 0.4 -3.92115 0 -0.196152
0 1 0.45 -3.90645 0 -0.235095
0 1 0.5 -3.89264 0 -0.272933
0 1 0.55 -3.8803 0 -0.308314
0 1 0.6 -3.86994 0 -0.339988
0 1 0.65 -3.86196 0 -0.366852
0 1 0.7 -3.85669 0 -0.38799
0 1 0.75 -3.85429 0 -0.402702
0 1 0.8 -3.85483 0 -0.410532
0 1 0.85 -3.85825 0 -0.41128
0 1 0.9 -3.86434 0 -0.405002
0 1 0.95 -3.87281 0 -0.392011
0 1 1 -3.88325 0 -0.372854
0 1 1.05 -3.89517 0 -0.348293
0 1 1.1 -3.90805 0 -0.31927
0 1 1.15 -3.92132 0 -0.286869
0 1 1.2 -3.93441 0 -0.252275
0 1 1.25 -3.94677 0 -0.216728
0 1 1.3 -3.95789 0 -0.181475
0 1 1.35 -3.96735 0 -0.147724
0 1 1.4 -3.97478 0 -0.116606
0 1 1.45 -3.97993 0 -0.0891304
0 1 1.5 -3.98266 0 -0.0661539
0 1 1.55 -3.98293 0 -0.048355
0 1 1.6 -3.9808 0 -0.0362138
0 1 1.65 -3.97646 0 -0.030001
0 1 1.7 -3.97016 0 -0.0297748
0 1 1.75 -3.96224 0 -0.0353859
0 1 1.8 -3.95311 0 -0.0464895
0 1 1.85 -3.94319 0 -0.0625642
0 1 1.9 -3.93295 0 -0.0829362
0 1 1.95 -3.92283 0 -0.106809
0 1 2 -3.91325 0 -0.133294
0 1 2.05 -3.90459 0 -0.161447
0 1 2.1 -3.89719 0 -0.190299
0 1 2.15 -3.89127 0 -0.218895
0 1 2.2 -3.88703 0 -0.246319
0 1 2.25 -3.88455 0 -0.271729
0 1 2.3 -3.88382 0 -0.294378
0 1 2.35 -3.88479 0 -0.313635
0 1 2.4 -3.88729 0 -0.329001
0 1 2.45 -3.89112 0 -0.340117
0 1 2.5 -3.89604 0 -0.346769
0 1 2.55 -3.90173 0 -0.348892
0 1 2.6 -3.90791 0 -0.346556
0 1 2.65 -3.91427 0 -0.339967
0 1 2.7 -3.9205 0 -0.329446
0 1 2.75 -3.92635 0 -0.315419
0 1 2.8 -3.93159 0 -0.298394
0 1 2.85 -3.93604 0 -0.27895
0 1 2.9 -3.93958 0 -0.257707
0 1 2.95 -3.94212 0 -0.235317
0 1 3 -3.94367 0 -0.212436
0 1 3.05 -3.94426 0 -0.189713
0 1 3.1 -3.94396 0 -0.167768
0 1 3.15 -3.94291 0 -0.147183
0 1 3.2 -3.94125 0 -0.128484
0 1 3.25 -3.93915 0 -0.112133
0 1 3.3 -3.93678 0 -0.0985217
0 1 3.35 -3.9343 0 -0.0879597
0 1 3.4 -3.93188 0 -0.0806746
0 1 3.45 -3.92963 0 -0.0768073
0 1 3.5 -3.92766 0 -0.076412
0 1 3.55 -3.92605 0 -0.079456
0 1 3.6 -3.92481 0 -0.0858231
0 1 3.65 -3.92396 0 -0.0953162
0 1 3.7 -3.92345 0 -0.107663
0 1 3.75 -3.92323 0 -0.122523
0 1 3.8 -3.92321 0 -0.139491
0 1 3.85 -3.92332 0 -0.158114
0 1 3.9 -3.92343 0 -0.177892
0 1 3.95 -3.92347 0 -0.198295
0 1 4 -3.92335 0 -0.218773
0 1 4.05 -3.92299 0 -0.238767
0 1 4.1 -3.92237 0 -0.257727
0 1 4.15 -3.92146 0 -0.275123
0 1 4.2 -3.92028 0 -0.290459
0 1 4.25 -3.91887 0 -0.303286
0 1 4.3 -3.9173 0 -0.31322
0 1 4.35 -3.91565 0 -0.319948
0 1 4.4 -3.91404 0 -0.323243
0 1 4.45 -3.91258 0 -0.322974
0 1 4.5 -3.91138 0 -0.319107
0 1 4.55 -3.91057 0 -0.311714
0 1 4.6 -3.91024 0 -0.300973
0 1 4.65 -3.91045 0 -0.287164
0 1 4.7 -3.91128 0 -0.270665
0 1 4.75 -3.91272 0 -0.251942
0 1 4.8 -3.91476 0 -0.231537
0 1 4.85 -3.91735 0 -0.210053
0 1 4.9 -3.92041 0 -0.188138
0 1 4.95 -3.92381 0 -0.166461
0 1 5 -3.92743 0 -0.145696
0 1 5.05 -3.9311 0 -0.126496
0 2 0.05 -3.99378 0 -0.00745378
0 2 0.1 -3.97547 0 -0.0295332
0 2 0.15 -3.94605 0 -0.0653265
0 2 0.2 -3.9071 0 -0.113363
0 2 0.25 -3.86069 0 -0.171685
0 2 0.3 -3.80929 0 -0.237944
0 2 0.35 -3.75556 0 -0.309508
0 2 0.4 -3.70224 0 -0.383592
0 2 0.45 -3.65198 0 -0.457383
0 2 0.5 -3.60718 0 -0.528164
0 2 0.55 -3.56987 0 -0.593432
0 2 0.6 -3.54158 0 -0.651002
0 2 0.65 -3.5233 0 -0.699086
0 2 0.7 -3.51542 0 -0.736349
0 2 0.75 -3.51773 0 -0.761949
0 2 0.8 -3.52949 0 -0.775538
0 2 0.85 -3.54943 0 -0.777244
0 2 0.9 -3.57595 0 -0.767638
0 2 0.95 -3.60715 0 -0.747664
0 2 1 -3.64102 0 -0.718579
0 2 1.05 -3.67552 0 -0.681861
0 2 1.1 -3.70876 0 -0.639131
0 2 1.15 -3.7391 0 -0.592067
0 2 1.2 -3.7652 0 -0.542329
0 2 1.25 -3.78613 0 -0.491492
0 2 1.3 -3.80137 0 -0.440994
0 2 1.35 -3.81083 0 -0.392101
0 2 1.4 -3.81482 0 -0.345879
0 2 1.45 -3.81397 0 -0.303192
0 2 1.5 -3.80919 0 -0.264709
0 2 1.55 -3.80155 0 -0.230917
0 2 1.6 -3.79218 0 -0.202148
0 2 1.65 -3.78221 0 -0.178609
0 2 1.7 -3.77264 0 -0.16041
0 2 1.75 -3.7643 0 -0.147594
0 2 1.8 -3.75775 0 -0.140156
0 2 1.85 -3.75331 0 -0.138062
0 2 1.9 -3.75099 0 -0.141253
0 2 1.95 -3.75056 0 -0.149647
0 2 2 -3.75156 0 -0.163131
0 2 2.05 -3.75336 0 -0.181545
0 2 2.1 -3.75526 0 -0.204661
0 2 2.15 -3.7565 0 -0.23217
0 2 2.2 -3.7564 0 -0.263657
0 2 2.25 -3.7544 0 -0.298589
0 2 2.3 -3.75012 0 -0.336307
0 2 2.35 -3.74338 0 -0.376026
0 2 2.4 -3.73425 0 -0.416841
0 2 2.45 -3.72305 0 -0.457751
0 2 2.5 -3.71029 0 -0.497682
0 2 2.55 -3.69664 0 -0.535528
0 2 2.6 -3.68293 0 -0.570189
0 2 2.65 -3.66999 0 -0.600619
0 2 2.7 -3.65866 0 -0.625869
0 2 2.75 -3.64967 0 -0.645137
0 2 2.8 -3.64363 0 -0.657797
0 2 2.85 -3.64091 0 -0.663436
0 2 2.9 -3.64169 0 -0.661873
0 2 2.95 -3.64588 0 -0.653164
0 2 3 -3.65317 0 -0.637599
0 2 3.05 -3.66304 0 -0.615689
0 2 3.1 -3.6748 0 -0.588141
0 2 3.15 -3.68766 0 -0.555817
0 2 3.2 -3.7008 0 -0.5197
0 2 3.25 -3.71343 0 -0.480847
0 2 3.3 -3.72484 0 -0.440344
0 2 3.35 -3.73448 0 -0.399263
0 2 3.4 -3.74203 0 -0.35863
0 2 3.45 -3.74735 0 -0.319387
0 2 3.5 -3.75056 0 -0.28238
0 2 3.55 -3.75198 0 -0.248341
0 2 3.6 -3.7521 0 -0.217884
0 2 3.65 -3.75156 0 -0.191518
0 2 3.7 -3.75106 0 -0.169649
0 2 3.75 -3.75126 0 -0.1526
0 2 3.8 -3.75276 0 -0.140629
0 2 3.85 -3.75601 0 -0.133944
0 2 3.9 -3.76122 0 -0.132712
0 2 3.95 -3.76839 0 -0.137071
0 2 4 -3.77721 0 -0.147127
0 2 4.05 -3.78713 0 -0.162944
0 2 4.1 -3.79734 0 -0.184532
0 2 4.15 -3.80686 0 -0.211821
0 2 4.2 -3.81459 0 -0.244634
0 2 4.25 -3.81939 0 -0.282657
0 2 4.3 -3.8202 0 -0.325414
0 2 4.35 -3.81613 0 -0.372234
0 2 4.4 -3.80651 0 -0.422241
0 2 4.45 -3.79105 0 -0.474346
0 2 4.5 -3.7698 0 -0.527252
0 2 4.55 -3.74328 0 -0.579478
0 2 4.6 -3.7124 0 -0.629393
0 2 4.65 -3.67848 0 -0.675276
0 2 4.7 -3.64315 0 -0.715374
0 2 4.75 -3.60832 0 -0.747987
0 2 4.8 -3.57601 0 -0.771545
0 2 4.85 -3.54827 0 -0.784701
0 2 4.9 -3.52702 0 -0.786409
0 2 4.95 -3.51393 0 -0.776006
0 2 5 -3.51028 0 -0.753265
0 2 5.05 -3.51689 0 -0.718445
0 3 0.05 -3.98603 0 -0.0111636
0 3 0.1 -3.94514 0 -0.0441076
0 3 0.15 -3.88025 0 -0.0970871
0 3 0.2 -3.79595 0 -0.16733
0 3 0.25 -3.69814 0 -0.251231
0 3 0.3 -3.59349 0 -0.344601
0 3 0.35 -3.48889 0 -0.442945
0 3 0.4 -3.39093 0 -0.541759
0 3 0.45 -3.30535 0 -0.636806
0 3 0.5 -3.23661 0 -0.724355
0 3 0.55 -3.18762 0 -0.801379
0 3 0.6 -3.15955 0 -0.865673
0 3 0.65 -3.15188 0 -0.91591
0 3 0.7 -3.16255 0 -0.95162
0 3 0.75 -3.18823 0 -0.973107
0 3 0.8 -3.22475 0 -0.981317
0 3 0.85 -3.26754 0 -0.977664
0 3 0.9 -3.31207 0 -0.963844
0 3 0.95 -3.35431 0 -0.94165
0 3 1 -3.39105 0 -0.912808
0 3 1.05 -3.42014 0 -0.878849
0 3 1.1 -3.44063 0 -0.841022
0 3 1.15 -3.45276 0 -0.800259
0 3 1.2 -3.45776 0 -0.757189
0 3 1.25 -3.45768 0 -0.712188
0 3 1.3 -3.45502 0 -0.665471
0 3 1.35 -3.45241 0 -0.61719
0 3 1.4 -3.45226 0 -0.567544
0 3 1.45 -3.45645 0 -0.516871
0 3 1.5 -3.46613 0 -0.46572
0 3 1.55 -3.48157 0 -0.41489
0 3 1.6 -3.50215 0 -0.365429
0 3 1.65 -3.52647 0 -0.318593
0 3 1.7 -3.55254 0 -0.275777
0 3 1.75 -3.57798 0 -0.238418
0 3 1.8 -3.60039 0 -0.207877
0 3 1.85 -3.61762 0 -0.185337
0 3 1.9 -3.628 0 -0.171694
0 3 1.95 -3.63057 0 -0.167485
0 3 2 -3.62521 0 -0.172844
0 3 2.05 -3.61262 0 -0.187495
0 3 2.1 -3.59423 0 -0.210783
0 3 2.15 -3.57203 0 -0.24174
0 3 2.2 -3.54833 0 -0.279179
0 3 2.25 -3.52544 0 -0.321797
0 3 2.3 -3.50539 0 -0.368283
0 3 2.35 -3.48967 0 -0.417421
0 3 2.4 -3.47905 0 -0.468162
0 3 2.45 -3.4734 0 -0.51967
0 3 2.5 -3.47176 0 -0.571325
0 3 2.55 -3.47241 0 -0.622701
0 3 2.6 -3.47308 0 -0.673495
0 3 2.65 -3.47123 0 -0.723441
0 3 2.7 -3.46439 0 -0.77221
0 3 2.75 -3.45052 0 -0.819307
0 3 2.8 -3.42829 0 -0.863988
0 3 2.85 -3.39741 0 -0.905203
0 3 2.9 -3.35869 0 -0.941578
0 3 2.95 -3.31417 0 -0.971453
0 3 3 -3.26696 0 -0.992959
0 3 3.05 -3.22106 0 -1.00414
0 3 3.1 -3.18097 0 -1.00314
0 3 3.15 -3.15135 0 -0.988347
0 3 3.2 -3.1365 0 -0.958618
0 3 3.25 -3.13993 0 -0.913448
0 3 3.3 -3.16395 0 -0.853107
0 3 3.35 -3.20936 0 -0.77874
0 3 3.4 -3.27527 0 -0.692397
0 3 3.45 -3.35902 0 -0.59699
0 3 3.5 -3.45636 0 -0.496182
0 3 3.55 -3.56171 0 -0.394204
0 3 3.6 -3.66854 0 -0.295622
0 3 3.65 -3.76992 0 -0.205053
0 3 3.7 -3.85904 0 -0.126879
0 3 3.75 -3.92979 0 -0.0649551
0 3 3.8 -3.97727 0 -0.0223498
0 3 3.85 -3.9982 0 -0.00113968
0 3 3.9 -3.99119 0 -0.00226798
0 3 3.95 -3.95687 0 -0.0254855
0 3 4 -3.89783 0 -0.0693755
0 3 4.05 -3.81836 0 -0.131461
0 3 4.1 -3.72414 0 -0.208387
0 3 4.15 -3.62173 0 -0.296156
0 3 4.2 -3.51799 0 -0.390405
0 3 4.25 -3.41958 0 -0.486695
0 3 4.3 -3.33239 0 -0.580794
0 3 4.35 -3.26108 0 -0.668919
0 3 4.4 -3.20883 0 -0.747943
0 3 4.45 -3.17707 0 -0.815523
0 3 4.5 -3.16554 0 -0.870169
0 3 4.55 -3.17241 0 -0.911233
0 3 4.6 -3.19453 0 -0.938838
0 3 4.65 -3.22786 0 -0.95375
0 3 4.7 -3.26785 0 -0.957214
0 3 4.75 -3.30999 0 -0.950768
0 3 4.8 -3.35017 0 -0.936061
0 3 4.85 -3.38508 0 -0.914685
0 3 4.9 -3.41245 0 -0.888045
0 3 4.95 -3.43122 0 -0.857268
0 3 5 -3.44152 0 -0.823166
0 3 5.05 -3.44454 0 -0.786243
0 4 0.05 -3.97523 0 -0.01485
0 4 0.1 -3.9033 0 -0.0584027
0 4 0.15 -3.79113 0 -0.127535
0 4 0.2 -3.6493 0 -0.217393
0 4 0.25 -3.49086 0 -0.321884
0 4 0.3 -3.32979 0 -0.434266
0 4 0.35 -3.17942 0 -0.547793
0 4 0.4 -3.05104 0 -0.656303
0 4 0.45 -2.95266 0 -0.754723
0 4 0.5 -2.88842 0 -0.839403
0 4 0.55 -2.85837 0 -0.90827
0 4 0.6 -2.85882 0 -0.960788
0 4 0.65 -2.88316 0 -0.99774
0 4 0.7 -2.92295 0 -1.02089
0 4 0.75 -2.96927 0 -1.03255
0 4 0.8 -3.01392 0 -1.03517
0 4 0.85 -3.0505 0 -1.0309
0 4 0.9 -3.07513 0 -1.02135
0 4 0.95 -3.08678 0 -1.00743
0 4 1 -3.08711 0 -0.989308
0 4 1.05 -3.07993 0 -0.966544
0 4 1.1 -3.07037 0 -0.938327
0 4 1.15 -3.06389 0 -0.903756
0 4 1.2 -3.06529 0 -0.862135
0 4 1.25 -3.07788 0 -0.813236
0 4 1.3 -3.10291 0 -0.757472
0 4 1.35 -3.13942 0 -0.695961
0 4 1.4 -3.1844 0 -0.630476
0 4 1.45 -3.23335 0 -0.563282
0 4 1.5 -3.28105 0 -0.496896
0 4 1.55 -3.32249 0 -0.433804
0 4 1.6 -3.35374 0 -0.376192
0 4 1.65 -3.37259 0 -0.325727
0 4 1.7 -3.37903 0 -0.283422
0 4 1.75 -3.37523 0 -0.249621
0 4 1.8 -3.3652 0 -0.224091
0 4 1.85 -3.35412 0 -0.206216
0 4 1.9 -3.34743 0 -0.195253
0 4 1.95 -3.34984 0 -0.190608
0 4 2 -3.36437 0 -0.192082
0 4 2.05 -3.39171 0 -0.200041
0 4 2.1 -3.42978 0 -0.215471
0 4 2.15 -3.47384 0 -0.239902
0 4 2.2 -3.51697 0 -0.27519
0 4 2.25 -3.55092 0 -0.323203
0 4 2.3 -3.56728 0 -0.385424
0 4 2.35 -3.55873 0 -0.462549
0 4 2.4 -3.52022 0 -0.554128
0 4 2.45 -3.44996 0 -0.65831
0 4 2.5 -3.34992 0 -0.771746
0 4 2.55 -3.22601 0 -0.889665
0 4 2.6 -3.08756 0 -1.00615
0 4 2.65 -2.94646 0 -1.11457
0 4 2.7 -2.81584 0 -1.20814
0 4 2.75 -2.70859 0 -1.28055
0 4 2.8 -2.63581 0 -1.32659
0 4 2.85 -2.6055 0 -1.34267
0 4 2.9 -2.62148 0 -1.32719
0 4 2.95 -2.68295 0 -1.28079
0 4 3 -2.78453 0 -1.20625
0 4 3.05 -2.91682 0 -1.10828
0 4 3.1 -3.06753 0 -0.993069
0 4 3.15 -3.22285 0 -0.867701
0 4 3.2 -3.36911 0 -0.739507
0 4 3.25 -3.49421 0 -0.615416
0 4 3.3 -3.589 0 -0.501388
0 4 3.35 -3.64815 0 -0.401981
0 4 3.4 -3.67051 0 -0.320108
0 4 3.45 -3.65902 0 -0.256987
0 4 3.5 -3.62001 0 -0.212285
0 4 3.55 -3.56219 0 -0.184426
0 4 3.6 -3.49535 0 -0.170999
0 4 3.65 -3.42901 0 -0.169222
0 4 3.7 -3.37119 0 -0.176378
0 4 3.75 -3.32748 0 -0.190187
0 4 3.8 -3.30048 0 -0.209043
0 4 3.85 -3.28973 0 -0.232114
0 4 3.9 -3.2921 0 -0.259295
0 4 3.95 -3.30246 0 -0.291032
0 4 4 -3.31472 0 -0.328055
0 4 4.05 -3.32287 0 -0.371077
0 4 4.1 -3.32196 0 -0.4205
0 4 4.15 -3.30889 0 -0.476186
0 4 4.2 -3.28285 0 -0.537325
0 4 4.25 -3.24531 0 -0.602419
0 4 4.3 -3.19976 0 -0.669388
0 4 4.35 -3.151 0 -0.735773
0 4 4.4 -3.10432 0 -0.799003
0 4 4.45 -3.06456 0 -0.856684
0 4 4.5 -3.03529 0 -0.906855
0 4 4.55 -3.01824 0 -0.948179
0 4 4.6 -3.01299 0 -0.980032
0 4 4.65 -3.01711 0 -1.00247
0 4 4.7 -3.02661 0 -1.01611
0 4 4.75 -3.03668 0 -1.02187
0 4 4.8 -3.04264 0 -1.02073
0 4 4.85 -3.04085 0 -1.01347
0 4 4.9 -3.02955 0 -1.00041
0 4 4.95 -3.00935 0 -0.981303
0 4 5 -2.98345 0 -0.955326
0 4 5.05 -2.9573 0 -0.921203
4 0 0.05 -2.98752 -8.42025e-15 -1.35813
4 0 0.1 -3.01612 -8.34948e-15 -1.32949
4 0 0.15 -3.06154 -8.23513e-15 -1.28319
4 0 0.2 -3.12062 -8.08242e-15 -1.22129
4 0 0.25 -3.18941 -7.89792e-15 -1.14646
4 0 0.3 -3.26353 -7.68893e-15 -1.06182
4 0 0.35 -3.33861 -7.46286e-15 -0.970684
4 0 0.4 -3.41069 -7.22663e-15 -0.876433
4 0 0.45 -3.47651 -6.9862e-15 -0.782281
4 0 0.5 -3.53373 -6.7463e-15 -0.691147
4 0 0.55 -3.58106 -6.51026e-15 -0.605556
4 0 0.6 -3.61817 -6.28018e-15 -0.52758
4 0 0.65 -3.64556 -6.05709e-15 -0.458836
4 0 0.7 -3.66434 -5.84133e-15 -0.400514
4 0 0.75 -3.67595 -5.63292e-15 -0.353433
4 0 0.8 -3.68182 -5.43187e-15 -0.318114
4 0 0.85 -3.6832 -5.23849e-15 -0.294849
4 0 0.9 -3.68093 -5.0535e-15 -0.283751
4 0 0.95 -3.67535 -4.87801e-15 -0.284797
4 0 1 -3.66634 -4.71345e-15 -0.297829
4 0 1.05 -3.6534 -4.56129e-15 -0.322548
4 0 1.1 -3.63584 -4.42282e-15 -0.358478
4 0 1.15 -3.61295 -4.29884e-15 -0.404925
4 0 1.2 -3.58427 -4.1895e-15 -0.460937
4 0 1.25 -3.54969 -4.09418e-15 -0.525282
4 0 1.3 -3.50963 -4.01147e-15 -0.596433
4 0 1.35 -3.46505 -3.93934e-15 -0.672598
4 0 1.4 -3.41739 -3.87535e-15 -0.75176
4 0 1.45 -3.36845 -3.81695e-15 -0.831754
4 0 1.5 -3.32023 -3.76178e-15 -0.91036
4 0 1.55 -3.27466 -3.70792e-15 -0.985397
4 0 1.6 -3.23345 -3.65406e-15 -1.05483
4 0 1.65 -3.19789 -3.59959e-15 -1.11683
4 0 1.7 -3.16877 -3.5445e-15 -1.16987
4 0 1.75 -3.14633 -3.48923e-15 -1.21275
4 0 1.8 -3.13037 -3.43435e-15 -1.24456
4 0 1.85 -3.12032 -3.38027e-15 -1.26473
4 0 1.9 -3.11548 -3.32693e-15 -1.27295
4 0 1.95 -3.11521 -3.27351e-15 -1.26913
4 0 2 -3.1191 -3.21832e-15 -1.25335
4 0 2.05 -3.1271 -3.15869e-15 -1.22585
4 0 2.1 -3.13961 -3.09114e-15 -1.18701
4 0 2.15 -3.15745 -3.01156e-15 -1.13735
4 0 2.2 -3.18169 -2.9155e-15 -1.07757
4 0 2.25 -3.21349 -2.79856e-15 -1.0086
4 0 2.3 -3.25381 -2.65674e-15 -0.931677
4 0 2.35 -3.30318 -2.48676e-15 -0.848372
4 0 2.4 -3.36141 -2.28631e-15 -0.760641
4 0 2.45 -3.42743 -2.05418e-15 -0.670829
4 0 2.5 -3.49923 -1.79034e-15 -0.581635
4 0 2.55 -3.57385 -1.49588e-15 -0.496031
4 0 2.6 -3.64758 -1.17291e-15 -0.417142
4 0 2.65 -3.71623 -8.24353e-16 -0.348086
4 0 2.7 -3.77548 -4.53868e-16 -0.291784
4 0 2.75 -3.82131 -6.56255e-17 -0.250776
4 0 2.8 -3.85035 3.35781e-16 -0.227033
4 0 2.85 -3.86029 7.45429e-16 -0.221808
4 0 2.9 -3.85012 1.15813e-15 -0.235527
4 0 2.95 -3.82022 1.5685e-15 -0.267747
4 0 3 -3.77239 1.97098e-15 -0.31717
4 0 3.05 -3.70964 2.36004e-15 -0.381722
4 0 3.1 -3.63594 2.73021e-15 -0.458693
4 0 3.15 -3.55583 3.07641e-15 -0.544913
4 0 3.2 -3.474 3.39414e-15 -0.636956
4 0 3.25 -3.39484 3.67976e-15 -0.731352
4 0 3.3 -3.32212 3.93077e-15 -0.824776
4 0 3.35 -3.25869 4.146e-15 -0.914213
4 0 3.4 -3.20631 4.32576e-15 -0.997078
4 0 3.45 -3.16569 4.47179e-15 -1.07128
4 0 3.5 -3.13653 4.58718e-15 -1.13525
4 0 3.55 -3.11778 4.67605e-15 -1.1879
4 0 3.6 -3.10788 4.74323e-15 -1.22859
4 0 3.65 -3.10511 4.7938e-15 -1.25699
4 0 3.7 -3.10782 4.83263e-15 -1.27309
4 0 3.75 -3.11471 4.86398e-15 -1.27703
4 0 3.8 -3.12495 4.8912e-15 -1.2691
4 0 3.85 -3.13825 4.91654e-15 -1.24968
4 0 3.9 -3.15477 4.94115e-15 -1.21927
4 0 3.95 -3.17501 4.96519e-15 -1.17846
4 0 4 -3.19961 4.9881e-15 -1.12801
4 0 4.05 -3.22912 5.009e-15 -1.0689
4 0 4.1 -3.26382 5.02703e-15 -1.00231
4 0 4.15 -3.30354 5.04175e-15 -0.929701
4 0 4.2 -3.34758 5.05337e-15 -0.852772
4 0 4.25 -3.39474 5.06295e-15 -0.773457
4 0 4.3 -3.44335 5.07233e-15 -0.693853
4 0 4.35 -3.49151 5.08406e-15 -0.616143
4 0 4.4 -3.53719 5.10107e-15 -0.542498
4 0 4.45 -3.57855 5.12637e-15 -0.474983
4 0 4.5 -3.61405 5.16266e-15 -0.415459
4 0 4.55 -3.64266 5.21204e-15 -0.365509
4 0 4.6 -3.66388 5.27575e-15 -0.326388
4 0 4.65 -3.67776 5.35412e-15 -0.298999
4 0 4.7 -3.68478 5.44662e-15 -0.2839
4 0 4.75 -3.68572 5.55199e-15 -0.281329
4 0 4.8 -3.68143 5.66858e-15 -0.291248
4 0 4.85 -3.67266 5.79463e-15 -0.313393
4 0 4.9 -3.65988 5.92861e-15 -0.347314
4 0 4.95 -3.64317 6.06944e-15 -0.392404
4 0 5 -3.6222 6.21658e-15 -0.44791
4 0 5.05 -3.59628 6.37003e-15 -0.512913
4 1 0.05 -2.98727 -8.42481e-15 -1.36001
4 1 0.1 -3.01492 -8.36779e-15 -1.33701
4 1 0.15 -3.05817 -8.2768e-15 -1.30013
4 1 0.2 -3.11319 -8.1575e-15 -1.25142
4 1 0.25 -3.17536 -8.01673e-15 -1.19346
4 1 0.3 -3.23991 -7.86167e-15 -1.12912
4 1 0.35 -3.3025 -7.69899e-15 -1.06131
4 1 0.4 -3.35974 -7.53423e-15 -0.992766
4 1 0.45 -3.40944 -7.37141e-15 -0.925914
4 1 0.5 -3.45068 -7.21293e-15 -0.862742
4 1 0.55 -3.48373 -7.05981e-15 -0.804805
4 1 0.6 -3.50962 -6.9121e-15 -0.753255
4 1 0.65 -3.52983 -6.76948e-15 -0.708931
4 1 0.7 -3.54574 -6.63172e-15 -0.672456
4 1 0.75 -3.55836 -6.49916e-15 -0.644331
4 1 0.8 -3.56802 -6.37286e-15 -0.624996
4 1 0.85 -3.57437 -6.25459e-15 -0.614847
4 1 0.9 -3.57646 -6.14657e-15 -0.614216
4 1 0.95 -3.57306 -6.05102e-15 -0.623303
4 1 1 -3.56292 -5.96977e-15 -0.6421
4 1 1.05 -3.5452 -5.90379e-15 -0.670307
4 1 1.1 -3.51969 -5.85298e-15 -0.707275
4 1 1.15 -3.48696 -5.81607e-15 -0.751986
4 1 1.2 -3.44833 -5.79086e-15 -0.803077
4 1 1.25 -3.40574 -5.7745e-15 -0.858908
4 1 1.3 -3.3614 -5.76405e-15 -0.91767
4 1 1.35 -3.3175 -5.75686e-15 -0.977502
4 1 1.4 -3.27584 -5.75102e-15 -1.03661
4 1 1.45 -3.23763 -5.74551e-15 -1.09335
4 1 1.5 -3.20336 -5.74021e-15 -1.14628
4 1 1.55 -3.17291 -5.73562e-15 -1.1942
4 1 1.6 -3.14572 -5.7324e-15 -1.23606
4 1 1.65 -3.12115 -5.73091e-15 -1.27096
4 1 1.7 -3.09883 -5.73066e-15 -1.29804
4 1 1.75 -3.07892 -5.72996e-15 -1.31646
4 1 1.8 -3.06236 -5.72573e-15 -1.32538
4 1 1.85 -3.05087 -5.71361e-15 -1.32396
4 1 1.9 -3.04674 -5.68827e-15 -1.31147
4 1 1.95 -3.05253 -5.64401e-15 -1.28743
4 1 2 -3.07055 -5.57534e-15 -1.25171
4 1 2.05 -3.10241 -5.47771e-15 -1.20472
4 1 2.1 -3.14856 -5.34804e-15 -1.14748
4 1 2.15 -3.20797 -5.18508e-15 -1.08171
4 1 2.2 -3.27807 -4.98959e-15 -1.00979
4 1 2.25 -3.35488 -4.76416e-15 -0.934657
4 1 2.3 -3.43339 -4.51297e-15 -0.859613
4 1 2.35 -3.50815 -4.24122e-15 -0.788101
4 1 2.4 -3.57388 -3.9547e-15 -0.723423
4 1 2.45 -3.6261 -3.65923e-15 -0.668484
4 1 2.5 -3.6617 -3.36026e-15 -0.625567
4 1 2.55 -3.67922 -3.06265e-15 -0.596183
4 1 2.6 -3.67894 -2.77051e-15 -0.581006
4 1 2.65 -3.66275 -2.48726e-15 -0.5799
4 1 2.7 -3.63371 -2.21567e-15 -0.592022
4 1 2.75 -3.59559 -1.95803e-15 -0.615994
4 1 2.8 -3.5522 -1.71624e-15 -0.650093
4 1 2.85 -3.50696 -1.49183e-15 -0.692448
4 1 2.9 -3.46242 -1.28593e-15 -0.741203
4 1 2.95 -3.42013 -1.09919e-15 -0.79463
4 1 3 -3.38058 -9.31673e-16 -0.85118
4 1 3.05 -3.34346 -7.82773e-16 -0.909475
4 1 3.1 -3.30797 -6.5117e-16 -0.968265
4 1 3.15 -3.27324 -5.34908e-16 -1.02635
4 1 3.2 -3.23868 -4.31557e-16 -1.08249
4 1 3.25 -3.20427 -3.38454e-16 -1.13542
4 1 3.3 -3.17072 -2.52982e-16 -1.18374
4 1 3.35 -3.13933 -1.72836e-16 -1.22605
4 1 3.4 -3.11187 -9.62318e-17 -1.26095
4 1 3.45 -3.09022 -2.19908e-17 -1.2872
4 1 3.5 -3.07604 5.04899e-17 -1.30378
4 1 3.55 -3.07046 1.214e-16 -1.31005
4 1 3.6 -3.07384 1.90769e-16 -1.30575
4 1 3.65 -3.08578 2.5876e-16 -1.29104
4 1 3.7 -3.10518 3.25945e-16 -1.26652
4 1 3.75 -3.13046 3.93505e-16 -1.2331
4 1 3.8 -3.15993 4.63312e-16 -1.19193
4 1 3.85 -3.1921 5.37878e-16 -1.14428
4 1 3.9 -3.22593 6.20175e-16 -1.09149
4 1 3.95 -3.26102 7.13373e-16 -1.03487
4 1 4 -3.29754 8.20532e-16 -0.975697
4 1 4.05 -3.3361 9.44316e-16 -0.915252
4 1 4.1 -3.3774 1.08677e-15 -0.854851
4 1 4.15 -3.42188 1.24921e-15 -0.795928
4 1 4.2 -3.46931 1.43218e-15 -0.740086
4 1 4.25 -3.51856 1.63552e-15 -0.689123
4 1 4.3 -3.56745 1.85848e-15 -0.645003
4 1 4.35 -3.61289 2.09986e-15 -0.609774
4 1 4.4 -3.6511 2.35802e-15 -0.585424
4 1 4.45 -3.67815 2.63092e-15 -0.573694
4 1 4.5 -3.69049 2.91608e-15 -0.575883
4 1 4.55 -3.6855 3.21041e-15 -0.592657
4 1 4.6 -3.66199 3.51014e-15 -0.623904
4 1 4.65 -3.62045 3.81075e-15 -0.668665
4 1 4.7 -3.56313 4.10699e-15 -0.725148
4 1 4.75 -3.49384 4.39306e-15 -0.790833
4 1 4.8 -3.41748 4.66299e-15 -0.862661
4 1 4.85 -3.33952 4.91105e-15 -0.937274
4 1 4.9 -3.26527 5.13228e-15 -1.01129
4 1 4.95 -3.19929 5.32302e-15 -1.08155
4 1 5 -3.14494 5.48133e-15 -1.14537
4 1 5.05 -3.10404 5.60722e-15 -1.20062
4 2 0.05 -2.98595 -8.42934e-15 -1.36188
4 2 0.1 -3.00957 -8.38585e-15 -1.34446
4 2 0.15 -3.04596 -8.31721e-15 -1.31677
4 2 0.2 -3.09121 -8.22869e-15 -1.28066
4 2 0.25 -3.14085 -8.12637e-15 -1.23834
4 2 0.3 -3.19066 -8.01619e-15 -1.19221
4 2 0.35 -3.23727 -7.90315e-15 -1.14452
4 2 0.4 -3.27857 -7.79084e-15 -1.09726
4 2 0.45 -3.31379 -7.68131e-15 -1.05204
4 2 0.5 -3.34329 -7.57536e-15 -1.01009
4 2 0.55 -3.36812 -7.47305e-15 -0.972358
4 2 0.6 -3.38943 -7.37434e-15 -0.939565
4 2 0.65 -3.40801 -7.27967e-15 -0.912359
4 2 0.7 -3.42393 -7.19022e-15 -0.891367
4 2 0.75 -3.43648 -7.10796e-15 -0.877213
4 2 0.8 -3.44437 -7.03535e-15 -0.870482
4 2 0.85 -3.44604 -6.97483e-15 -0.871621
4 2 0.9 -3.44021 -6.92821e-15 -0.880833
4 2 0.95 -3.42621 -6.89629e-15 -0.897981
4 2 1 -3.40432 -6.87854e-15 -0.922532
4 2 1.05 -3.37571 -6.87323e-15 -0.953566
4 2 1.1 -3.34232 -6.87776e-15 -0.989843
4 2 1.15 -3.30638 -6.88918e-15 -1.02992
4 2 1.2 -3.27001 -6.90484e-15 -1.07229
4 2 1.25 -3.23478 -6.92279e-15 -1.11549
4 2 1.3 -3.2015 -6.94201e-15 -1.15822
4 2 1.35 -3.17022 -6.96233e-15 -1.19931
4 2 1.4 -3.14045 -6.98399e-15 -1.23774
4 2 1.45 -3.1116 -7.00709e-15 -1.27253
4 2 1.5 -3.08347 -7.03094e-15 -1.30266
4 2 1.55 -3.05661 -7.05363e-15 -1.32705
4 2 1.6 -3.03258 -7.0718e-15 -1.34448
4 2 1.65 -3.01383 -7.0808e-15 -1.35374
4 2 1.7 -3.00335 -7.07525e-15 -1.3537
4 2 1.75 -3.0041 -7.04976e-15 -1.34354
4 2 1.8 -3.01835 -6.9998e-15 -1.32293
4 2 1.85 -3.04703 -6.92248e-15 -1.29219
4 2 1.9 -3.0894 -6.817e-15 -1.2524
4 2 1.95 -3.14289 -6.68481e-15 -1.20536
4 2 2 -3.20344 -6.52941e-15 -1.15348
4 2 2.05 -3.26603 -6.35569e-15 -1.09958
4 2 2.1 -3.32548 -6.16931e-15 -1.04657
4 2 2.15 -3.37722 -5.97583e-15 -0.997181
4 2 2.2 -3.41797 -5.78016e-15 -0.953722
4 2 2.25 -3.44612 -5.58617e-15 -0.917899
4 2 2.3 -3.46172 -5.3966e-15 -0.890753
4 2 2.35 -3.46628 -5.21324e-15 -0.87269
4 2 2.4 -3.46217 -5.03729e-15 -0.863607
4 2 2.45 -3.45197 -4.86971e-15 -0.863054
4 2 2.5 -3.43789 -4.71155e-15 -0.870405
4 2 2.55 -3.42134 -4.56406e-15 -0.88499
4 2 2.6 -3.40276 -4.42865e-15 -0.906166
4 2 2.65 -3.3818 -4.3066e-15 -0.933316
4 2 2.7 -3.35763 -4.1988e-15 -0.965795
4 2 2.75 -3.32947 -4.10544e-15 -1.00284
4 2 2.8 -3.29701 -4.02581e-15 -1.04348
4 2 2.85 -3.26071 -3.95838e-15 -1.0865
4 2 2.9 -3.22194 -3.90093e-15 -1.13044
4 2 2.95 -3.18273 -3.85093e-15 -1.17366
4 2 3 -3.14549 -3.80593e-15 -1.21449
4 2 3.05 -3.11247 -3.76392e-15 -1.25131
4 2 3.1 -3.08541 -3.72351e-15 -1.28276
4 2 3.15 -3.06519 -3.68394e-15 -1.30778
4 2 3.2 -3.05183 -3.64487e-15 -1.32569
4 2 3.25 -3.04463 -3.60599e-15 -1.3361
4 2 3.3 -3.04257 -3.56665e-15 -1.33892
4 2 3.35 -3.04474 -3.52549e-15 -1.33418
4 2 3.4 -3.05075 -3.48024e-15 -1.32199
4 2 3.45 -3.06094 -3.42774e-15 -1.30252
4 2 3.5 -3.07637 -3.36421e-15 -1.27594
4 2 3.55 -3.09854 -3.28566e-15 -1.24256
4 2 3.6 -3.12889 -3.18844e-15 -1.20294
4 2 3.65 -3.16823 -3.06976e-15 -1.158
4 2 3.7 -3.21623 -2.92808e-15 -1.10911
4 2 3.75 -3.2711 -2.76332e-15 -1.05817
4 2 3.8 -3.32959 -2.5769e-15 -1.00749
4 2 3.85 -3.38729 -2.37151e-15 -0.959681
4 2 3.9 -3.43926 -2.15079e-15 -0.917405
4 2 3.95 -3.48078 -1.91899e-15 -0.883105
4 2 4 -3.50811 -1.68056e-15 -0.858733
4 2 4.05 -3.51913 -1.4399e-15 -0.845545
4 2 4.1 -3.51362 -1.20117e-15 -0.84398
4 2 4.15 -3.49327 -9.68163e-16 -0.853655
4 2 4.2 -3.46121 -7.44299e-16 -0.873476
4 2 4.25 -3.42148 -5.32554e-16 -0.90183
4 2 4.3 -3.37817 -3.35417e-16 -0.936819
4 2 4.35 -3.33479 -1.54785e-16 -0.976495
4 2 4.4 -3.2938 8.15507e-18 -1.01905
4 2 4.45 -3.25636 1.53034e-16 -1.06291
4 2 4.5 -3.22249 2.80359e-16 -1.10679
4 2 4.55 -3.19147 3.91464e-16 -1.14961
4 2 4.6 -3.16231 4.88364e-16 -1.1904
4 2 4.65 -3.13434 5.73493e-16 -1.22826
4 2 4.7 -3.10753 6.49394e-16 -1.26218
4 2 4.75 -3.08267 7.18413e-16 -1.29113
4 2 4.8 -3.06125 7.82462e-16 -1.31401
4 2 4.85 -3.04511 8.42917e-16 -1.32984
4 2 4.9 -3.03601 9.00657e-16 -1.3378
4 2 4.95 -3.03519 9.56252e-16 -1.33739
4 2 5 -3.04301 1.01024e-15 -1.32854
4 2 5.05 -3.05889 1.0634e-15 -1.31159
4 3 0.05 -2.98358 -8.43385e-15 -1.36374
4 3 0.1 -3.00029 -8.40354e-15 -1.35181
4 3 0.15 -3.02585 -8.35585e-15 -1.33291
4 3 0.2 -3.05736 -8.29464e-15 -1.30837
4 3 0.25 -3.09168 -8.22419e-15 -1.27978
4 3 0.3 -3.12609 -8.14847e-15 -1.24878
4 3 0.35 -3.15866 -8.07062e-15 -1.21689
4 3 0.4 -3.18845 -7.9928e-15 -1.18543
4 3 0.45 -3.21533 -7.9163e-15 -1.15551
4 3 0.5 -3.23958 -7.84194e-15 -1.12804
4 3 0.55 -3.26142 -7.77061e-15 -1.10387
4 3 0.6 -3.28069 -7.70359e-15 -1.08378
4 3 0.65 -3.29662 -7.6427e-15 -1.06854
4 3 0.7 -3.30795 -7.59015e-15 -1.05886
4 3 0.75 -3.31329 -7.54814e-15 -1.05533
4 3 0.8 -3.31146 -7.51834e-15 -1.05827
4 3 0.85 -3.302 -7.50147e-15 -1.06766
4 3 0.9 -3.2853 -7.49708e-15 -1.08313
4 3 0.95 -3.26259 -7.50365e-15 -1.10392
4 3 1 -3.2357 -7.51896e-15 -1.129
4 3 1.05 -3.20658 -7.54052e-15 -1.15715
4 3 1.1 -3.17693 -7.56613e-15 -1.18715
4 3 1.15 -3.14785 -7.59414e-15 -1.2178
4 3 1.2 -3.1198 -7.62351e-15 -1.24802
4 3 1.25 -3.0928 -7.65351e-15 -1.27682
4 3 1.3 -3.06677 -7.68329e-15 -1.30323
4 3 1.35 -3.04201 -7.7114e-15 -1.32626
4 3 1.4 -3.01946 -7.73548e-15 -1.34487
4 3 1.45 -3.00082 -7.75223e-15 -1.358
4 3 1.5 -2.98831 -7.75773e-15 -1.36463
4 3 1.55 -2.98424 -7.74805e-15 -1.36397
4 3 1.6 -2.99038 -7.71995e-15 -1.3556
4 3 1.65 -3.00744 -7.67156e-15 -1.33962
4 3 1.7 -3.03475 -7.60278e-15 -1.31673
4 3 1.75 -3.07022 -7.51532e-15 -1.28817
4 3 1.8 -3.11065 -7.41234e-15 -1.25568
4 3 1.85 -3.15239 -7.29791e-15 -1.22121
4 3 1.9 -3.19195 -7.17626e-15 -1.18675
4 3 1.95 -3.22663 -7.0512e-15 -1.15413
4 3 2 -3.25487 -6.92571e-15 -1.12482
4 3 2.05 -3.2763 -6.80195e-15 -1.09991
4 3 2.1 -3.29145 -6.68136e-15 -1.08011
4 3 2.15 -3.30128 -6.56511e-15 -1.06585
4 3 2.2 -3.30669 -6.45445e-15 -1.05735
4 3 2.25 -3.30809 -6.35085e-15 -1.05474
4 3 2.3 -3.30532 -6.2561e-15 -1.05807
4 3 2.35 -3.29774 -6.17199e-15 -1.06733
4 3 2.4 -3.28458 -6.09995e-15 -1.08231
4 3 2.45 -3.26539 -6.04072e-15 -1.10261
4 3 2.5 -3.24039 -5.99405e-15 -1.12749
4 3 2.55 -3.21064 -5.95868e-15 -1.15593
4 3 2.6 -3.17794 -5.93262e-15 -1.18663
4 3 2.65 -3.14451 -5.91348e-15 -1.21814
4 3 2.7 -3.11254 -5.89892e-15 -1.24898
4 3 2.75 -3.08376 -5.88702e-15 -1.27781
4 3 2.8 -3.05921 -5.87635e-15 -1.30346
4 3 2.85 -3.03918 -5.86593e-15 -1.32504
4 3 2.9 -3.02344 -5.85487e-15 -1.34186
4 3 2.95 -3.01167 -5.84196e-15 -1.3534
4 3 3 -3.00381 -5.82538e-15 -1.35923
4 3 3.05 -3.00037 -5.80254e-15 -1.35897
4 3 3.1 -3.00241 -5.77022e-15 -1.35234
4 3 3.15 -3.01133 -5.72496e-15 -1.33918
4 3 3.2 -3.02839 -5.66363e-15 -1.31961
4 3 3.25 -3.05418 -5.58401e-15 -1.29413
4 3 3.3 -3.08815 -5.48524e-15 -1.26372
4 3 3.35 -3.12846 -5.36802e-15 -1.22983
4 3 3.4 -3.1721 -5.23451e-15 -1.19432
4 3 3.45 -3.21535 -5.08794e-15 -1.15924
4 3 3.5 -3.2544 -4.93215e-15 -1.12669
4 3 3.55 -3.2861 -4.77103e-15 -1.09849
4 3 3.6 -3.30845 -4.60812e-15 -1.07609
4 3 3.65 -3.32084 -4.44642e-15 -1.06039
4 3 3.7 -3.32396 -4.28831e-15 -1.05176
4 3 3.75 -3.31939 -4.13577e-15 -1.05011
4 3 3.8 -3.30906 -3.99049e-15 -1.05502
4 3 3.85 -3.29464 -3.8541e-15 -1.06592
4 3 3.9 -3.27723 -3.72808e-15 -1.08212
4 3 3.95 -3.25721 -3.61378e-15 -1.10295
4 3 4 -3.23443 -3.5121e-15 -1.12771
4 3 4.05 -3.20862 -3.42338e-15 -1.15561
4 3 4.1 -3.17976 -3.34718e-15 -1.18573
4 3 4.15 -3.14849 -3.28234e-15 -1.21695
4 3 4.2 -3.11618 -3.22708e-15 -1.24797
4 3 4.25 -3.08479 -3.1793e-15 -1.27738
4 3 4.3 -3.0565 -3.13689e-15 -1.30377
4 3 4.35 -3.03329 -3.09794e-15 -1.32587
4 3 4.4 -3.0165 -3.06088e-15 -1.34268
4 3 4.45 -3.00663 -3.02441e-15 -1.35355
4 3 4.5 -3.00338 -2.98732e-15 -1.35815
4 3 4.55 -3.00595 -2.94825e-15 -1.35649
4 3 4.6 -3.01339 -2.90545e-15 -1.34879
4 3 4.65 -3.02504 -2.85668e-15 -1.33537
4 3 4.7 -3.04076 -2.79932e-15 -1.31666
4 3 4.75 -3.0609 -2.73056e-15 -1.29316
4 3 4.8 -3.08603 -2.64785e-15 -1.26549
4 3 4.85 -3.11653 -2.54923e-15 -1.23448
4 3 4.9 -3.15207 -2.43367e-15 -1.20125
4 3 4.95 -3.19129 -2.30129e-15 -1.16723
4 3 5 -3.23176 -2.15334e-15 -1.13415
4 3 5.05 -3.2702 -1.99203e-15 -1.10391
4 4 0.05 -2.98017 -8.43833e-15 -1.36559
4 4 0.1 -2.98732 -8.42075e-15 -1.359
4 4 0.15 -2.99898 -8.39228e-15 -1.34832
4 4 0.2 -3.01475 -8.3543e-15 -1.33404
4 4 0.25 -3.03404 -8.30854e-15 -1.31681
4 4 0.3 -3.05609 -8.25696e-15 -1.29743
4 4 0.35 -3.07993 -8.20161e-15 -1.27686
4 4 0.4 -3.10445 -8.14464e-15 -1.25611
4 4 0.45 -3.12837 -8.08822e-15 -1.23628
4 4 0.5 -3.15034 -8.03454e-15 -1.21843
4 4 0.55 -3.169 -7.98576e-15 -1.20358
4 4 0.6 -3.18309 -7.94391e-15 -1.19259
4 4 0.65 -3.1916 -7.91071e-15 -1.18614
4 4 0.7 -3.19386 -7.88743e-15 -1.18464
4 4 0.75 -3.18961 -7.87473e-15 -1.1882
4 4 0.8 -3.17909 -7.87258e-15 -1.19664
4 4 0.85 -3.16299 -7.88027e-15 -1.20948
4 4 0.9 -3.14239 -7.89648e-15 -1.22597
4 4 0.95 -3.11865 -7.91946e-15 -1.24514
4 4 1 -3.09328 -7.94717e-15 -1.26592
4 4 1.05 -3.06781 -7.97744e-15 -1.28714
4 4 1.1 -3.04365 -8.00805e-15 -1.30767
4 4 1.15 -3.02203 -8.03681e-15 -1.32644
4 4 1.2 -3.00393 -8.06156e-15 -1.34253
4 4 1.25 -2.99008 -8.08021e-15 -1.35517
4 4 1.3 -2.98094 -8.0908e-15 -1.3638
4 4 1.35 -2.97676 -8.09163e-15 -1.36804
4 4 1.4 -2.97757 -8.08137e-15 -1.36775
4 4 1.45 -2.98324 -8.0592e-15 -1.36298
4 4 1.5 -2.99346 -8.0249e-15 -1.35399
4 4 1.55 -3.00777 -7.9789e-15 -1.34119
4 4 1.6 -3.02561 -7.9222e-15 -1.32521
4 4 1.65 -3.04623 -7.85625e-15 -1.30679
4 4 1.7 -3.06882 -7.78284e-15 -1.2868
4 4 1.75 -3.09241 -7.70394e-15 -1.2662
4 4 1.8 -3.11593 -7.62163e-15 -1.246
4 4 1.85 -3.13825 -7.53806e-15 -1.22723
4 4 1.9 -3.15819 -7.45541e-15 -1.21087
4 4 1.95 -3.17456 -7.37588e-15 -1.19784
4 4 2 -3.18628 -7.30162e-15 -1.18888
4 4 2.05 -3.19248 -7.23463e-15 -1.18458
4 4 2.1 -3.19256 -7.1766e-15 -1.18524
4 4 2.15 -3.18628 -7.12875e-15 -1.1909
4 4 2.2 -3.17389 -7.09165e-15 -1.2013
4 4 2.25 -3.15605 -7.06519e-15 -1.2159
4 4 2.3 -3.13386 -7.0486e-15 -1.23387
4 4 2.35 -3.10873 -7.04051e-15 -1.25419
4 4 2.4 -3.08226 -7.03912e-15 -1.27571
4 4 2.45 -3.05611 -7.04235e-15 -1.29721
4 4 2.5 -3.03184 -7.04802e-15 -1.31751
4 4 2.55 -3.01076 -7.05388e-15 -1.33552
4 4 2.6 -2.99393 -7.0577e-15 -1.35033
4 4 2.65 -2.98205 -7.05728e-15 -1.36121
4 4 2.7 -2.97549 -7.05051e-15 -1.36768
4 4 2.75 -2.97434 -7.03543e-15 -1.36951
4 4 2.8 -2.97841 -7.01039e-15 -1.36667
4 4 2.85 -2.98733 -6.9741e-15 -1.35938
4 4 2.9 -3.00057 -6.92587e-15 -1.34804
4 4 2.95 -3.01747 -6.8656e-15 -1.33323
4 4 3 -3.03726 -6.79382e-15 -1.31569
4 4 3.05 -3.0591 -6.71161e-15 -1.29625
4 4 3.1 -3.08208 -6.62053e-15 -1.27584
4 4 3.15 -3.10521 -6.52237e-15 -1.25544
4 4 3.2 -3.12751 -6.41916e-15 -1.23603
4 4 3.25 -3.14794 -6.31299e-15 -1.21857
4 4 3.3 -3.16548 -6.20601e-15 -1.20395
4 4 3.35 -3.17918 -6.10042e-15 -1.19298
4 4 3.4 -3.18815 -5.99842e-15 -1.18627
4 4 3.45 -3.19171 -5.90217e-15 -1.18426
4 4 3.5 -3.18938 -5.81362e-15 -1.18716
4 4 3.55 -3.18103 -5.73442e-15 -1.1949
4 4 3.6 -3.16691 -5.6657e-15 -1.20715
4 4 3.65 -3.14767 -5.60796e-15 -1.22329
4 4 3.7 -3.12436 -5.56101e-15 -1.24247
4 4 3.75 -3.09839 -5.524e-15 -1.26362
4 4 3.8 -3.07137 -5.49551e-15 -1.28554
4 4 3.85 -3.04501 -5.47372e-15 -1.30701
4 4 3.9 -3.02096 -5.45654e-15 -1.3268
4 4 3.95 -3.00065 -5.44175e-15 -1.34383
4 4 4 -2.98517 -5.42708e-15 -1.3572
4 4 4.05 -2.97526 -5.41025e-15 -1.36622
4 4 4.1 -2.97122 -5.38903e-15 -1.3705
4 4 4.15 -2.97301 -5.36128e-15 -1.3699
4 4 4.2 -2.98026 -5.32506e-15 -1.36455
4 4 4.25 -2.99237 -5.27871e-15 -1.35481
4 4 4.3 -3.00855 -5.22108e-15 -1.34124
4 4 4.35 -3.02792 -5.15154e-15 -1.32456
4 4 4.4 -3.04955 -5.07013e-15 -1.30562
4 4 4.45 -3.07244 -4.97749e-15 -1.28535
4 4 4.5 -3.09562 -4.8748e-15 -1.26473
4 4 4.55 -3.11811 -4.76367e-15 -1.24474
4 4 4.6 -3.13897 -4.64596e-15 -1.22634
4 4 4.65 -3.15727 -4.52369e-15 -1.21042
4 4 4.7 -3.17217 -4.39898e-15 -1.19777
4 4 4.75 -3.18291 -4.274e-15 -1.18905
4 4 4.8 -3.18883 -4.15096e-15 -1.18475
4 4 4.85 -3.18946 -4.03208e-15 -1.18516
4 4 4.9 -3.18452 -3.9195e-15 -1.19036
4 4 4.95 -3.174 -3.81514e-15 -1.20016
4 4 5 -3.15821 -3.72057e-15 -1.21414
4 4 5.05 -3.13781 -3.63685e-15 -1.23163
